1 10300 10802 29 2000000 0
100 20005 0 4 10002070504 600000202
300 1 3 10000 2 0
2 0 11d00 2000 40002 40101000501
0 50000 60016 190009 4000004 0
101 10000 4 30 40002020006 30200010700
1 0 8113a 20001 200030005 40502
101 10000 0 14 10402050602 60300020101
40004 400 200000 100000 10000020001 20300050200
20000 50000 1300 60006 404 0
200 0 11803 62700 1 60104000202
1 0 20016 91909 202020005 1040402
0 20200 0 c00 404020200 30201000006
2 0 2500 1000 50700000000 20002010505
0 404 40000 310000 203 30000
20002 0 1000 2400 400010000 60202040006
400 0 60000 180000 200000202 102040001
1 100 26 0 2000000 40100050302
0 6 22a00 90400 1000000 100
0 100 10000 30 2050100 200000002
200 0 71002 c01 20602000003 50105000204
40000 0 140000 200000 10402060101 60100000604
